-4.081570902706888,1.29626825250688,-4.372970092080951,0.9160177168469135,-0.10028482905097075,1.3619208096310012,-0.9267866724664465,0.5639288560090993,1.231792406254397,4.452170349940651,-2.9219535942891297,1.4573953738359693,-1.0919870510975955,-1.6024116710521794,0.9041608976613162,0.4947624141203281,-2.361366285716098,0.7523360141310302,-1.5272029386960622,2.0576354301126196,-1.5704257561084605,-3.0048522662419965,-1.6187696032844514,2.8626336657435245,-2.5725605188772347,-0.12567827139121351,1.6115106960664691,-2.6959026029858264,1.4139619487886599,0.13814794042186668,-2.396827251209181,2.63491584890028,2.0558788217875916,-1.7557274041955075,-0.47186173424209005,-1.3644843575420433,1.2153618597567162,0.9990194418175269,-0.6907726753663332,0.2946263733793102,-0.1537544568304921,0.9414515224987043,1.0773000315220438,-2.0948697753093946,3.9058675811252512,1.572070587591589,2.1162479508948753,-0.9403206636951686
numHidden 	5
numGenes 	48
minGene 	-3.0
maxGene 	3.0
popSize 	500
maxEvaluations 	20000
tournamentSize 	5
numberOfParents 	2
numberOfChildrenBorn 	1
numberOfChildrenSurvive 	1
mutateRate 	0.1
mutateChange 	0.05
seed 	1553006975696
random 	java.util.Random@152c1be0
neuralNetworkClass 	class coursework.MyEvolutionaryAlgorithm
Training Set Training
Fitness 0.020827738313060482