-2.897873664918733,1.967710096009606,-1.2983576871484723,-1.1327562882015556,-1.674411547757164,-2.0782092986261382,-2.5759870481558425,-2.944404731168475,-0.28124260211406504,2.496802530482885,-2.649829094210033,-2.4498771819230054,-2.9725074431339875,1.4936828710704413,-2.051441492570175,-1.088183320143049,0.7141567427074027,-2.365875787965696,0.6189926979901301,-2.955940312570549,-0.48047916061337004,2.920429284994956,-2.8792598814478225,-1.7647438588164581,0.6145472017282403,2.919690014594722,2.7723359364093376,0.20353771404765242,2.2446046832938302,0.6977709082808552,0.4464821648942259,-0.38380458879592094,-1.1265916393412745,1.858884703218072,-0.2927312570329281,0.7430767190719383,-1.9858397684080864,2.5124724034379593,-0.2117725943361597,0.27186254465932347,-0.053237317053916655,-2.9801651949569603,-1.4171101113246627,2.6054516207307685,-0.10788481466696087,-1.0524938329721183,-0.031626014330909946,1.5767469889420243,1.1564440711256303,1.968564849597044,-1.873817299422578,-1.8588793317442802,2.9612924269942447,-2.894329712479638,1.9769921358987732,0.12237077232818727,0.7931111955120045
numHidden 	6
numGenes 	57
minGene 	-3.0
maxGene 	3.0
popSize 	200
maxEvaluations 	20000
tournamentSize 	2
numberOfParents 	6
numberOfChildrenBorn 	1
numberOfChildrenSurvive 	1
mutateRate 	0.0
mutateChange 	0.0
seed 	1553007461205
random 	java.util.Random@4fb77795
neuralNetworkClass 	class coursework.MyEvolutionaryAlgorithm
Training Set Training
Fitness 0.03714698259989681