-2.777077743000765,-0.058564422031438856,-2.656758547010041,-3.7748783908192176,2.488039613125906,-1.7101506009524803,3.233712613050743,4.461743896951537,1.0547800239196374,3.7152459714693613,-4.310060062994258,0.3952247639072925,-0.12838029394068973,-2.60917958782554,2.573057635525741,-1.5769687122597968,5.277673073839357,3.9751340763673966,-1.5567661226665481,1.0729563169194687,1.437802029488067,-0.8686185197920971,0.7486515062533752,-1.2168590031387265,-1.8411225670627238,-0.8946858068388986,0.538526594055539,-0.5419656351832649,0.9930103327799268,-0.4610217678450255,0.7949677820800053,4.26684634600863,-0.3729053105097265,1.32158840495484,-2.658501397303002,4.397112776944626,-2.4340242800528706,1.8041408666187841,4.914442887496271,-3.51814738626788,0.7596323956247659,-0.93603140710035,2.5959538789214758,-1.1562073587584452,0.12033737246395348,2.8695113311636393,1.9976426981362068,-0.34271248902956764
numHidden 	5
numGenes 	48
minGene 	-3.0
maxGene 	3.0
popSize 	200
maxEvaluations 	20000
tournamentSize 	2
numberOfParents 	2
numberOfChildrenBorn 	1
numberOfChildrenSurvive 	1
mutateRate 	0.1
mutateChange 	0.05
seed 	1553007186822
random 	java.util.Random@152c1be0
neuralNetworkClass 	class coursework.MyEvolutionaryAlgorithm
Training Set Training
Fitness 0.019868339334505658