2.265322884990791,-2.9207210969039172,3.4549458442860943,1.6601071730627375,-0.3391969711355041,-2.5870817945120286,-2.564913762268886,-1.1746728641012116,2.4984931094246385,2.6146243621231253,3.135714321065021,-2.7067336274502565,3.8682460966749828,2.5087291762112485,-0.32710281726453827,-3.1913941633881002,2.323408569737248,2.1244154265375985,-1.0285653398324706,4.340437889249005,-0.9264998276131068,1.765675289034555,0.9137018384935295,-2.670652603644,0.8262345115001288,1.1040315473900173,0.49101602270047895,-0.7283227982142058,0.08232376595597951,0.005168738970578235,1.380506917684983,0.540008501296299,-2.806606676508873,-2.141100562887212,2.120377925632633,-0.7631555365452622,1.2247512865703303,2.4402820232757567,-0.9384405722501438,0.02887549431470947,-2.2768329937579717,1.158201877580766,-0.2694233523003637,0.6883056092016022,3.4594551513109786,0.7273867591579459,-0.3987390788832823,1.4084896691568731
numHidden 	5
numGenes 	48
minGene 	-3.0
maxGene 	3.0
popSize 	200
maxEvaluations 	20000
tournamentSize 	2
numberOfParents 	2
numberOfChildrenBorn 	1
numberOfChildrenSurvive 	1
mutateRate 	0.1
mutateChange 	0.05
seed 	1553006544082
random 	java.util.Random@152c1be0
neuralNetworkClass 	class coursework.MyEvolutionaryAlgorithm
Training Set Training
Fitness 0.008205912744049812